148398
57801
9636
54973
142678
984
728642
339456
2563

7161
388588
8514
387509
11332
54626


3604
54206
2023

80176
116362
5226

26232
374946
4879
649330
126755

79180
54751
23013
149563
27129
348487
1969
4237
6390
11240
51702
23569
126917
23352
51154
832
5320
55450
978
65018
1650
400745

50809
1889
5909
3339
998
54361
2048
3352
10236
148898
3399
6135
2582
3155
2517
1269
127294
57822
864


164091
3925
79927
83442
1043
79727
2810
10726
388610
115572
388611
2537
6118
22826

83667
85028
115273
4985
7805
9410
347735
3061
90853
79140
8668
84734
3932
3065
65108
728116
653121
2707
6421
5690
63967
9967
55194
728431
80149
7802
29889
55143
10946
5453
10269
163732
1503
1907
2981
10465
149461
6513
10969
991
81888
5792

55929
11004
1263
8891
7389
5052
4678
8503
10103
10158
6491

1031
105378716
5865
4116
51668
9528
1718
255738
8613
3725

51361
4774
163782
100996301
29929
5236
4919
101927034
3716
26135
1647
9077
55635

1491

431707
5876

10026
26289
374986
91624
8880
11080
79739
80135
55283
3491
8543
2959
2635
2633
2634
23507

284695
6125
343099
8412
30836
2730
9411
1266
148534
54873
163786
1301
10451
29899

57535
54938
84722
5686
83873
2773
2947
1435
9122
79961
79084
515
829
56944
148281
10286
476
965
79679
54855
10885
26227

554282
647135
728833
11126
8515
9939
10628

644591
100996716
57234
8370
8349
8338
9900
10262
11311
51177
81611

1520
8416
54964
56882
388695
5710
8991
7286
6281

6282
7062
2312
388698
54544
84648
353135
353133
353132
6703
6280
6278
6277
6275
6274
6273
3608

6232

126668
1163
1942
4580
2224
6016
4000
112770
391104
7203
10485
128239
54865
1382

3428
57863
8407
89886
100505633
480
8682
57823
50848
81607
4720
654790
257177
3310
51478
83540
4259
84944
8804
92241
6375
481
57821
9588
339416
91687
27101
9674
27
5768
3140
51278
2752
6004
80896
3918
4688
23179
81563
116496
10625
7175
5743
5321
5997
3075
3078
259266
2494
9928
55765
7139
3898
23612
1465
89796

1999
5778
29089
10765
100506696
1118
7832
5549
54900
3814
127845
4194
23114
81788
64710
8934
148811
115019
83593
11009
9214
79098
725
1604
4179
3914
50486
574036
56256
7188
84791
7779
4751
9926
51514
467
55509
79805
1063
128153
7042
440714
127018
2058

79802
9015
824
8560
29097
3930
2052
10637
64746
574407
92815
58480
64801
375061
54583

57568
3775
148641
51742
6905
148789
2786

4811
7107
128178
3964
88
339535
100873984
2271
23596
1122
9156
200150

3192
64754
64216
51097
7173
7837
51112
6201

727982
6664
91543
3398

51692
6868
10971
9014
29841

6241
6241
3241
4953
10130
3754
9475

23175
100506457
151354
51594

1653
79677
3790
9741
388
375190
9540
22979
5443
3797
10890
3032
130106
3777
54978
1058
29959
64838
11321
22950
64080
9577
2355

5500
23160
51646
81606
7498

55622
4052
25780
25940

51232
25797
10602
1545
6432

100128590
6546

91461
678
130271
5495
6519
2034
23433
9655
805

618
4072
4436
2956


100302652

400954
57142
6233

2202

400957
10575
4190
7360





10438
56902
25927
10887
200504
56287
84168
307

4084

7039
55577
10199
56603
23233
2016
344022
84279
10574
10797
151534
130951
6869
84141
8802
54884
822
8673
51255
129303
6439
84913
8869
10989
7844

112597
51315
200523

1844
23397
93082
90342
51252

25972
254773
10190
3899
164832
79031

731220

64965
2274
84620
6819
27233
9648
10913
100287216


699
541471

150468
23550
10096
389023
8886
140738
3625
2736

84365
2995
5624
116372
344148
23190
4175
1615
7852
3176


8942
9839
401014
390
9111
7130
55660
3760
4929

29994
64844
3694
10213
10716
2888

6326
6335
8708
115677
57405
9360
6741
2571
1781
8520
1746
29789
100131390
151556

7456
3231
375295
50940
51661
57703
6744
151242
5136
129401
3685
7035
1290
84128
30061
84281
26275
3628
2744
6772
4430
64859
8436
23671

9262

9330
23451
3329
51614
26010
151246
316
9689
1195
60491
8837
65072
58538
51602
130026
8828
1933
22868
8609

151195
4133
1373
471
2335
7520
57574
3485
3488
7145
3579
14
375307
9125
64320
7475
1412
7277
80086
5798
29926
55515
79586
23363
130367
10056
2181
23704
7857
65080
5270
3667
1286
79853
6364
164781
11262
6672
5707
3357
93010
4691
4880
250
251
389084
3635
6295
8527
54600
54658
55355
10123
23677
57007
10920
79083
51052
64284

377007
55502
8864

4705
150677
2817
547
79919
5510


8553
29995
9901
25917
8536
63924
55831
2177
6396
132001
7079
7476
7508
9467
26061
23243
117248
23180
151648
27303
7048
51143
2720
4292
10217
5333
11280
64651
4336
253639
1499
885

100873954


56992
23016
64866
25907
79442
23218
6599
1294
7384
3615
2058
2876
106478963
389119
10991
7869
3373
11186
7873
9136
211
11344
7134
7086
55540
201625
378
2317
5162
200845
8309
9861
56999
8801
7110
9039
10550
56203
4286
27086
151987

401074
6091
2632
253559
389136
10402
131566
105374003
11259
56954
10342
25890
54931
64332
214
868
961
57650
9666
677779
25945
10225
79413
257068
90102

151887

54847
57577
100874131
4045
7348
8702
11167
3081
285282
10721
2804
6565
1475

4638
7372
56667
57493
10840
50512
11343
8607
2624
8971
23023
131034
66000
51421
5096

80723
22808
56945
9276
5947
131890
483
5352
6596
1356

116441
4071
100874091
7104
53836
13
56670
5912
8833
7881
6747
730091
152078

4291
56925
5918
10051
286827
165679
590
5274
27333
151827
6498
200916
57552
1894
64393
86
57129
51555
6657
100874019
54800
1173
5708
90407
200879
51726
1974
5984

4026
8626
55214
101929152
9076

3280

55341
131583



200931
375387
4241
4636
285498
10417
10460
3954
10608
285489
4043
55646

27065
4487

6286
80273
57537
60312
94031

3166
100287045
116449


132864
683
952
9982
83888
51056
64151
80333

10891
6649
5099

80008
152831
7358
201895
399
7345
22998
152573
100861517
132299
132671
65997
81608

6731
84273
3490


23284

100144602
57050
174

166824
3576
2919
5196
6374
2921
2920
2069

374
25849

152816
55153
419
6373
901
65008
80144
306

3184
9987
79966
51138
51316
27235
51170
53343
3381
6696
9429
285513

6622
10611
658

10098
1977
128
126
115265
51705
5530
90024
64116

56898
1062

27068
9255
9061
3033
64850
839
3426

132720
92610
51574
79642
7368
100463500
100093630
171024
54532
4085
79931
308
5393
890
3558
22824
10424



101669763
79960
132320


57575

641365
23657
4258

1047
7350

3600
8821
646576

166614
85462
84057
285533
5356
2244
2243
2266

56034
51313
59350
5481
100505989
391712
6307
1363
11199
23022
54969
442117
51809
3148
8819
3248

132851
7424
55247
285501
55714


201973
79682
291
353322
441054
27295
8470
2195
205860
401164
100288687
6389
9319
100506791
79888
153571
84246

22948
134147
83853

651746
54491
90441
54463
10409
643401
1004
23037
51663
4883

81792
55299
9631
2668
100861519

2533
1601
345557
6414


389289
3157
100652772
10884
133418
3672
53918
3673
10468

8988
166979
8611
54514
345651
10769
115827

25859
55789
10283
11174
64105
375449
891
1022
4131

57763
8507
3074
10788
2151
2149
2150
8622
8546
10184
23743
256987
7518
1462
10085

902
84059
100505994
57561

441094
7025
134187

22836
2745
202299
22936

831

167410
55781
7903
85480
814
134429
9315
64097
114915

7905
1036
25816
3295
6643
501
51808
4001
6558
2201
100127206
1437
8974
3659
10111
11127
3308
23105
7416

6500

51128
79770
9547
7045
6695
10902
10112
995
51308
1958
3313
64374
340061
51523
1839
929
3550
3035
56137
56104
285613
80762
23092
81555
51520
202374
1809
6690
389336
404203
153218
154
728264
5145
1836
340075
972
11346
55696
85027
345611
2878
309
6678
56923
55568
9421
6444
26999
8728
348938
54974
7265
2172

10569
9232

900
3161
101927862
23286
5917
6586
54908
3779
4869
8817
54492
1843

153222
1482
8614
101928154
80315
101928176
10814
202134

2264
83463
10636
2161
340037
9260
54732

653316
2916
3187
8878
9945

153579
10399
2296
1992
5272
7280
347733
221749
10799
83732
1832
154007
7020
2651
347744
55003
100506409
1906
54438
51406
102216342

29116
221662
10486

255488


3400
6659
401237
51473
51567
55856
51053
55604
221613
10475
3024
3006
8364
3017
8334
3008
3017
3017

8367
3007
8365
493812
8970
85235
8341
3009
8336
3105
11074
3133
170954
203068
8870
780
170679
3107
3106
4050
1460
1192
3303
3304
50854
4758
80736
5696
5698

3109
3108
3111
6222
9277
3833
117283
25803
50619
51513
6428
1026
266727
23500
54209
705
896
6903
65989
9533
9587
3326
4794
988
59084
221400
27242

221393
135398
2938
2941
2729

27283
653
667
221336
51557

79940
22999
56479
1915
26503
135228
55754
27145
4646
7272
55603
7162
5238
4199
4907
10492
1081
55122
10957
58528

2045
23376
51805
10973
2898
639
84816

100133941

27244
51362
84154
2534
4082
3066
221294
29940
7259
285761
25842
2697
5570
10345
7164

135112
84870
55862
93663
1490
8876

154091
6446
27115
113115
3459

7128
64065
57221
167838
10370

2519
9749
84946
5325
8676
389432
85313
11104
5110
84918

353091
81706
389434
9590
79624
23345

26271
26034
154043
7430
6648
39
6950
6580

6581
90632
1235

80069
5689
5154
79778
7975
101927125
8379
80727
222962
60
6624
7965
340267
3382
221981
54664
392636
28969
27075
10551
221830
340273
55536
3569
29896
1687
3181
29887
100506311
3200
3201
3202
100534589
101410536

8887
9586
222171
644150

2617
358
5137
11328
989
80820
54443

9844
51314
6424
6980
79783
285954

5683
64983
9263
644
255031
54606
83637
5478
9238
3484
3486
64759
101929086
136288


1956
102725541
908
5260
441234
2990
378108
26608
1365
1364
155368
7461
10344
5447
4191
113878
105375355
2770
948
10512
10371
11257
10926
6717
26872
261729
401387
1021

54809
219285
799
7980
2791
8910
23089
5446
5445
5166
440
25798
4885
1577
10980
4176
64599
43
4584
10071

5054
7425
346606

136227
93408

10603
9512
5701
6856
10135

26959
5172
1738
4897
4189
54674
11179
3475
93986
26136
858
857
830


2861
2918
3952
29923
2318
100287482
7328

51530
1358
51200
114960


378805
5420


231
57016
441282

64764
8805
346689
28996
6916
27147
6742
8972
136541
5304
135932

7791
2041

9601

168544
65999
28959
285973
100505483
100128822
3638
2020
283981
1438
293
8623
286530
8227
9189
100359394
415

26609
51480
425054
55841
395
9758
7114


54960
140456
8544
59272
57393
55787
5931
6322
6792
5160
30011
256714
22866
5251
10549
23597
6303
79135
1968
7543
170302
158809
190
8406

7102
10159

84679
8237
7076
100133957
10682
27344
10084
11040
27238
6855
778
2543
8712

23708
9500
9502
494197
64061
23096
3028
10916
90737
28986
81887
9843
60401
367
3476
24137
340526
6191
4435
6567
51260
5230
169966
79366
340562
286499
1478
27035
2717
3188
51309
51566
56271
90843
340543
84707
51186
85012
9643
80712
79710
9075
54830
139212
1831
340547
1288
1287
2182
5063
11254
170261

292
23157
65109
7737
3920
28985
29071
57187
10813
9131
3251
84848

56180
644538
441518
8933

2273
2258
286411
728695
64663
3423
3149


4103
2564
2556
4102
158511
4111
4105
50814
7739
55559

10134
3421
6748
3897
2316
6134

9130
2539
30848
1736
7411
157693
285
389610
1672
157285
79660
203074
83595
54984
640
2222

1508
613209
10395
137868
6542
5157
57509
2267

55806
80346
649
1960
23221
8795
8794
8793
4017
6781
4741
4747
80005
54793
157313
665
10687
1191
157570
55872
286133
1846

3084
137970
80139
11160
80223
1978
137994
2260
389649
203102
56892


6422
286
5327
7419
138050
1052
6591
115294
389658
51606
29088
64321
114786
96764
100505477
6386
767

157807
444

8836
286186
23212
10987
23471
51110
9242
7013
6129
157506
54968
23643
83690
23462
28957
619279
2171
103352670
760
245972
8895

734
1666
1015
2669
9134
94241
51001
55353
4147
79815
3788
26166
286151
6674
25897




79977
83988
50484
7071


25879

137735
3646
9694

8667
5885
441376

4856
79075
28998
3037
79139
84985
29028
114907
312
6713
286053
10221
157638
100507056
727677
103021164
100270680
4609
3786
8840
10397
6482
57210
11156

575
23237
54742
66004
8581
4062
389692

79792
93100
1936
286077
22827

1537
23246
642658
340393
51160

23189
7436
9933
169792
10171
3641
2731
101929407
286343
11168
100129385
10670
123
25769
401494
286319
9373
80173
79817
23586
3301
2683
51510
360
101929688
5646
27019
375704
7415
80256
84904
7169
152007
1211
9833
22844
728577

80036
9615
100507540
101927258
216
301
140803
5125
158471
9630
29968
7091
158158
257019
3190
60560
51280
1612
1514

1903
1164
10912
158314
4814
65268


56033

1515

54187
7464
55357
9568
7046
8013

23071
347273
54886
570
229
56254
10592
19
9314
8727
23732
7295
79987
1902
158399
22949
9991
169834
5998
259
85301
9966
3371
5069
23245
55755
1955
7185
727
11064
2934
2040
10783
5695
2649
3309
23452
7633
10044
399665
3934
26995
2733
6709
6418
56262
22845
389792
100506119

51450
9536
445
84929

9442
23064
389799
158067
1056
6130
11182
9719
138948
1289
5047
402381

8022
399693
23203

138311
84973
138307
389812
7186
9022

89958
91373
389816
375791
10383
100132403
5719
10581
10410


6050
3665
6343
64787
6888
51286
57104
283229
4586
727897
1850
402778
1509
4046
7140
3481
430
975
29850
10984
338653
55539
1028
5003
5002
7262
833
6240
3043
3046
10346
1262
112464
6609
3611
8590
338323
8665
79608
4004
56675
23075
133
58486
729013

374378
27122
9645
100506305
644943
84280
1315
5682
797
4925
10083
340990
4654
113174
6289
6288
3939
7251
79733
89797
100874015

8424
627
81930


744
341019

10480
79056
91614
283267

966
847
26298
960
25891
24147
79899

51144

387763
3732

90139
9537
57586


90993
4192
2147
9793
1643
5702
4722
23788
349667
10978
219541
51075
374393
63901
6809
6947
54972
51296
220001

745
2237
9415
3995
3619
10647

7356
5436
10482
54663
6520
5920
11145
10963
7423

25858
10235
5837
10938
105369343
170589
113130
7108
741
823
23649
10435
283131


378938
4054
10524
5017
1072
8061
1474
10992
254263
10072
9973
10432
254439
91683
29984
23529
57175
57010
9049
2950
81622
10312
51083
1374
26579

595
9965
2017
2348
5031
374407
7351
283208
283209
10714
25884
9789
11309
408
6188
81544
871
7481
2615
25987
192134

282679

4718
79053
5547
84233
54843
11098
23682
1075
26973
79101
143686
57562
330
4316
4319
837
55531
6588
54733
38
1662
5962
143903
1410
3606

4837
10179
25996
23705
335
6876

486

23187
7379
51399
3014
1798
79102
7070
23650
3312
79827
57476
55800
4900
90952
9638
1111
219844
28960
84623


100507392
334
23560
3422
5214
1316
100216001
1646
1645

8644
10276

2665
5209

100507127
57713
22944
509
2625
207107
11164
8872
57118
83643
10133
55388
5264
55691
83641
51182
6251
7431
102723166
783
10529
399726
64215
23412
56952
54518
84930
25805
6840
57608
1326
6935
3799

56288
8325

91074
101929520
84856
221002
53828
3185
11067
240
4477
653145
104355295

22943
101928687
11130
80114
220965
983
219623
84159

56521
23411
26091
84665
64081
3189
8034
55749
9188
26128
5552
9559
80201
3098

84883
56681
5464
64106
4838
8879
728978
64115
5660

9469
51008
54541
11319
310
5328
132
128854680
7417
84858
83938
3778
100132987
143244
105419997
84332
81619


27069
6623
643161
9562
9060
57559
59
355
3988
3437
3434
9585
10556
27063
5507
3832
3087
1592
26509
55165
5950
118924
100128054
64318
1559
9124
29760
26287
55361
60370
83742
6425
2805

51076
1244
1369
6319
5076
57715
81855
83401
5309
4791
403
9118
51063
9644

9748
9446
159686
120

1847
9126
282997
27250
150
2674
5407
259217
340719
8661
2263
5654
9184
4942
390010
56647
92565
118611
4288
4255
10539
399827
10570
170394

118471
50632

4815
775
2288
2305

103752584
57103
8074
10635
4704
928
55080
9918
2597
25900
920
83461
7167
105369635
10436
10162
716
715


6515
8076

144568
2
9976
387836
120939
23710
3821
8531
100533464
80824

81575
9052

2012
283422
2904
55729
79887
420
4256
397
2059
4257
5139
6579
3375
80763
3945
3764


586
4033
79365
8082

3709
55726
51768
60488
5744
51290
58516
254013
196394


51067
144402
1272

54407

347902
91523

5213
121273
27289

10376
7846
84790
5630
10024
79962
7009
144233

29127
51474
81566
57228
51411
3164
144501
3855
3892
3887
3889
3854
3851
3856
3875
3489
8435
9700

8086
8620
3229

3178
4778
25946
121355
3071
5502
196410
967
29095
4327
1606
5036

4637
51561
319
27165
506
10728
4666
5557
4035
6472
22864

4141
1649
10540
10956
92979
10102

9194


57522
2799

8091
51643

4193
1368
11052
8089
10576

5801
7103
121278
11010
11103
22822
4673

1466
89795
6857
4659
283310
8825

144448
84125
8092
9182
4922

4254

1848

490
338758
4060
694

574028
8411
8835

55967
55785
59277
4048
100128191
7112
5250
121457
64431
283431
400
55332
51019
79023
55010
3479
429
7184
7296

493861
50515
84102
121053
387882
9891
121551
11137
9733
7374
28981
10094
51184
51699
217
10961
6128
4938
53373
10993
113675
6926
8739
54997
4842
5985
51347
26353
387890
5564
11113
8655
100506668
84274
9478
6927
8638
5027
283385
144404
54509
338799
3242
22877
6249
55596
65117
338442
27198
91574
387893
57696
7316
65985

23504
5901
8408
79050
55269
26524
10284
221150
221154
55835
387914
100874061
2835
387496
2321
3146
241
100507064
10808
675
8900
11340
10186
10240
28984
94240
144811
121838
8848
26747
2098
8803
9445
26586
10910
27253
81624
5101
440145
79866
688
4008
54602
10253
84189
10082
11166
100507533
10257
5611
10150
100861541
2841
106478991
9375
2259
643677
1948
283483
728215

8660
1282
1284
283487

55795
650669
100861555
8881

115694671
57820
10038
328
4860
283

11198

63874
5018
9056
10419
84962
5693
25983
10202
5106
5720

5721
10379
115817
4776
29091
4857
55632
1690
25938

84837
112399
171546
11177
6729
4792
3169
283547
8487
2287
55320

161357
9147
283551
51062
5836
283553
122786
54331
51637
22795
5732
5706
10979
652
1033
3958
9787
645687
55195
55860
5684
5926
23002
51635
57570
5583


3091
6617
23224
4522
3306
26030
2877
376267
1965
26499
384
145226
677
87
9766
64093
58517
399671
91748

51004
5826
10577
4053
83694
5228
8892
10972
2353
731223
122953
64207
10598
22938
1734
145508
85439
23768
283587
55812
56659
5700
9252
123036
5641
1113
57062
83982
866
5265
79789
56967
624
623

7443
388011
317762
51466
123099
8788
55384
79104
64150
1735
1778
3320
5891
91828
7127
1983
1152
374569
122622
283638
113146
55038

3714
90135
1397
1396
3493
3500
4692
2562
2558


101059918
89839

51621
9824
6447

26585
342184
56851
89978

7057
701
388115
90417
57082
5888
2644
54866
171177
79094
11261
11339
51203
55142

2923
4236
567
140691
9153
84419
58472


2200
23741
11001
3067
84888

29766
123169
56204
9236
161582
55329
54629
9133
9245
2958
302
54832
388125

83660
7168
114294
51065
83464
771
5479
9325
348093
80119

123264
54956
57722
51495
8766
54962
22801
10391
8125
54852
9493
145837
104472713
7090
55075
79875
10002
123228
5315
3073
283677

64220

1543
26263
145957
123591
2108
9051
80349
5685
11173
10933
1512
5923

597
2184


57214
23184

4828
4916
26589
64782
3669
176
145864
4240
51458
90381
290
5045
2242
9055


100144604
56963
91947




55829
6627
3040
3039
3049
55692
10573

79006
84264
64788
30812
8912

64711
6123
10607
9143
9351
25837
100507303
899

10942
124220
64063
79412
9088
124222
9074
51330
79228
146439
9235

100463285
23059
10131
84662
114990
3163
29965
18
2013
4682
8651
26156
2935
55313
100129781
8399
89927
54820




6210
23204
51760
79838
51704
54988
55567
57146
257629
1428
7385

6340
5347
26471
6817
100507607
7284
6693
23475
3835

9961
26470
253982
226
83719

11151

93129
80270

84148
29108
493829
7041

79801
27324

79191
4313
1066
4504
4502
4489
4490
4494
4495
4501
9688
9709
6376
57019
5432
55715
9289
84229
29105
65009

1009
283867

51192
1783
766
1014
6236
283848
51673
9114

146206
50855
54920

55794
146198
1001

999
79613
84916
51388
80777
1728
16
146433
794

23035
3240

5713
79152
440387
3735
54386
100130958

4094
100996425
8139
80790

29948
123872
23406
83716
339145

51659
404550
3394


81631
57338

8140

161882
1535
4597
333929
348180
81620
390748
863
1013
29123

4157


359845
51031
55178
64359
7531
124935
83547
727910
84981
5345
5176
3090

124936


124976
124975
342527
9032
5694

2027
55065
4927
708
22861
54478
284111
54739
432
1366
1984
147040
1140
1973
968
6665
482
7157
55135
1949
146754
23135

3000
59344
84667
54785
9212
284029
22899
6154
643904
4628
146845
9340

56985
93649
5376

136
7314
388341

23164
100874529
8533
55090
51655
146691
1819
6470


146802
218
92521
256223
339184
440416
26118
201229
7448
8456
230
10615
124923
116238
284086
9618


1411

642
79915
55803
4974
2123
55813
5717

6347
6354
162394
91607
79148
6352
414059
9560
79893

3975
26574
11072

57636
4302
5691
54883

57125
342667
22806
5709
9572
990
7153
3487
84951

1236
125113
3859
54474
83896
83895
81851
730755
3884
3885

3866
3880
3868
3872
10209
2520
9001
3728
201181
6777
6774
284119
29893
7283
84313
3430
4077
100130581
379
50964

5539
10014

10900
2896
2535
80174
146909
10882
113026
10614

752
9020
4137
996
80279
51226
8631
105371807
3212
404266
3215
3216
3218
3219
10241
2695
2793
162466
4804
81558
1747
3675

6442
1277
162461
64132
8913
91369

10140
4830
51096

23531
8526

59342


54894
5414
56155
5889
55771
388403

51651
51174
63897
762
124773
8493
103689912
9902

26115
10238
80774
57003
5705
2689
2688
2081
105376843
5175
284021
1655
350

5718
26207
25926
3838

55062
5608
3773
3759
6662
400619
6752
64446
388419
55890
11314
326624
2905
2232
30850
10476
100462977
80022
643008
100130933
3691
201294
91107
201292
6730
8811
2302
114804
283991
8877
114757
55808
23210
283994
146664
147138
7083
125061
332
9021
8632
7077
3959
100507410
114897
146713
9775
4884
10458
71
83882
5148

284001
9123

400629
10966
284207
9097
9984
7298
10403
9663
10627
103910

100505592

23136
100287082
11031
101927350
147495
63895
57132
342850

84617

753
101927642
91768
8780
4864
147463
3909
102724246
26256
1000
1830
1829
7276


125476
2589

56853
6563
498
494470

9388
4645
220134
5596
8932
284254
5874
80323
100132501
9352
9480
115701

3998
147372

5366

5268
5275
6318
6317
8710
284293
1005
92126

220158
84735
4155
374868

84552

57761
10616
83541
55968

6628
3420
128653
60493
65992
83959

54498
728228
23627
9770
9962
5111
56261
1114
51605
23236
5332
57144

6616
182
51575
140733
23767
6629
56914
5126
631
58495
10483
54453
51126
22803
644524
140828
3170

7056
128817
1471
1469
1470
57136
81502
3397
598
22974
2307
140706
140688
22919
51654
1869
191
106480737
84557
128869
58476
2937
55741
10544
101410538
10893
3692
51614
8904
10398
140710
140699
6185

56259
128434
7052
3929
343578
81610
9935
64900
84969
51526
78997
3172
106144538
8839
60598
5266
6590
6385
10406
116092
11065
7125
5476
4318
23613
55959
55661
441951
3745
9334
55905
6615
101927541
1051
8813
3755
10079
8537
1591
116151
6790
7022
8480
56937
105416157
1002
5688
11047
101928158

253868
128414
100192386
1917
79025

50861
51750
682
610
27006
10272
400668

5657
1820
57418

126520

4616
115196
80032
79816
284422
126326
23217
85300
1613
1938
440503
10501
126282
284424
10226
23030
5802
257000
56931
2528


81616
92359
8744
970
718
10045
7409
2015
3643
56949
199675
100507588
404217
256949
51129
4670

50700
56342
8666
1032
10053
3949
374882
2057
57139
1995
126069
1725
439
3726
7001
10535
2193
106144598
811

9592

79883
976
10212
5731
3337
9524
10994
4854
26993
4051
8529
57834
10365

284434
93323
83483
23025
3640
10437
5864
3727
54858
9518
51477
1311
11316
9454
54929
1463
100129842
199777
284443


104472717


10775
898

390916
1050
5184
64377
84306
126374
90075
6324
5349
53822
53827
51599
4099
2864
388533
93099
374897
79171
333
100506930
101927599
284408
10653
94274
9424
5714
27335
81
147968

3963
1891
126432
126433
342897
342898

54623
7538
163126
9149
5704
339327
148014
29950
645
80271
1549
29785
558
56915
4680
6223
973
10567
478
5452
1954
84518
100996307
634


5672
5678
23474
7515
390940
5329
3783
147710

602
4059
348
341
1209
5971
162979
79090
388552
10849
2354
6253
1760

3171
444882
388555
147920


374918
64344
100506012
5739
147906
100506068
6510
4861
23211
27113
11133

29997
8605
100505812
2014
23546
10945
83743
114783
6820
126147
2524
51171
23645
27294
581
10856
94027
4909
6625
23521
51070
3276
126129
22809
126123
342918
84798
9622
5653
90353
945
2109
125875
5518
400713
7576
342926
91662
91663
59284
59283
59285
284415
26121
79165
6203
11025
10990
57348
114823
148170
90011
10859
55655
7137
352909
6861
23640

3589
388564
6158
27338
51545

147945
342933
147948
63934
10597

730051
1
6193
6192
83259
8653
9086

529

8218
7353
8318
7122
150185
10587

5902
7332

129025
23532
653689
56241

4330
11200
7494
4744
3976
652968
550631
9514
6525
113791
54944
4733

51493
7078
3162
4174
4151
80833
8664
7263
114904
11135
3957
3956
3005
51386


23764
11015
646851

23466
27350
5155
6122
468
158
6767
27254
2547
150365
638
25813

23779
2192
100506737
25814
7477
51512

101927722

79174
415116

23654
440836
113730
49
114038

1525
10950
5651
54148
351
9510
10694
59271
56683
2618
6651
100506385
873
874
9980
23562
6493
3763
2114

8624
100506492
284835
4599
7033
7031
53347


5316
8566
8568


246704
388830
101928745
80781
1291
10841
54058
5116
107075310





