148398
57801
9636
375790
254173
8784

54973
984
728642
339456
85452


8764
127262
8514
11332
54626
8718
9903

3604
54206
2023
106614088

22883
116362
5226

26232
374946
4879
7133
114827
79180
54751
149563
1969
5081
8659
126917
23352
51154
832
26279
55450
978
65018
1650
400745
1889
5909
3339
998
2048
7798
10236
3399
259283
6135
2582
1269
57822


164091
3925
7780
83442
79727
2810
10726
388610
6118
5724
22826

83667
54797
85028
115273
51441
4985
9410
347735
90853
79140
8668
3932
3065
65108
728116
653121
8565
113452
2709
2707
6421
5690
63967
27285
9967
55194
728431
80149
29889
284654
55143
10946
54933
23499
10487
163732
1503
1907
59269
2981
10465
149461
6513
440584
10969
991
81888
5792

55929
11004
1263
8891
5052
4678
8503
10158
6491
1031
105378716
4898
5865
51060
6512
4116
148979
1733
9528
619518
1718
255738
8613
3725

1573

4774
29929
5236
4919
101927034
3716
149233
26135
1647
9077
55635
431707
5876
10026
26289
374986
91624
8880
11080
79739
80135
23576

3491
8543
2959
56267
2635
2634
115361
23507

284695
7049
6125
8412
30836
9411

1266
148534
54873
163786
1301
29899

57535
54938
84722
343263
5686
2773
2947
1435
9122
79084
515
55924
829
101928846
56944
148281
10286
163259
4803
965
3321
8458
10885
26227
728855
554282
647135

8515
9939
10628

2330

644591
57234
8349
8338
9900
10262
11311
81611

4170
55204
1520
55793
54964
56882
10962
126626
388695
5710
8991
7286
284485
6281

6282
7062
2312
388698
54544
353145
84648
353135
353133
353132
6277
6275
6274
6273
140576
3608

6232

126669
57326
6464
1942
4580
2224
6016
92312
4000
112770
7203
10485
128239
54865
1382
3428
2205
8407
89886
100505633
480
844
8682
4063
142683
50848
81607
4720
9970
3310
51478
8490
83540
4259
84944
92241
481
57821
2153
51603
26052
9588
91687
27101
27
9857
5768
3140
51278
2752
6004
3918
23057
4688
81563
116496
10625
105371653
7175
5743
103752588
5321
5997
3075
3078
259266
23418
56956
2494
9928
55765
7139
3898
23612
1465
89796
149345

1999
5778
29089
10765
100506696
7832
5549
127845
4194
23114
25778
81788
64710
23380
9214
79098
725
1604
4179
3914

50486
574036
56256
3756
7188
84791
7779
4751
467
55509
79805
5784
1063
128153
728463
7042
127018
2058
10380
3142

79802
9015
824
8560
29097
3930
2052
64746
83881
92815
128312
58480
79605
64801
375061
54583

57568
3775
388753
359948
6905
2786
7107
6262
56776
2271
23596
1122
9156
64216
51097
642273
7173
7837
6201

91543
3398
129642

51692
6868
9014
29841

6241
3241
4953
106479524
10130
3754
9475
23175
1653
3790
9741
6382
388

2281
375190
9540
22979
3797
10890
3032
54978
1058
56896
22924
84696
150921
8890
29959
64838
11321
22950
64080
9577
2355

5500
23160

51646
81606
7498


55622
4052
25780
25940
9637
5212
55471
25797
10602
1545
64225
6432

80745
100128590
6546

91461

130271
5495
6519
2034
23433
805
618
4072
2956
6711
400954
57142
6233
4528
2202
55120
10575
4190
7360
9792

10438
56902
25927
200504
56287
84168
2673
307
7039
55577
10199
56603
10574
8446
10797
130951

6869
84141

8802
9168
83439
54884
822
8673
51255
129303
84913
8869
10989
7844

112597

51315
23397
93082
90342
25972
10190
150577
79031

9448
64965
2274
84620
9648
7851
699
55289
541471
6574
284958
150468
23550

10096
389023
8886
140738
3625

84365
5624
55677
55679
91409
50649
116372
344148
23190
4175
1615
7852
3176
8942
9839
401014
5000
390
9111
7130
785
55660
56475
3760
4929
11227
29994
64844
3694
10213
2888
151258
6335
115677
57405
10170
9360
6741
140469

1781
8520
100131390
9541
151556
7456
375295
4780

50940
6744
129401
91752
3685
7035
1290
84128
30061
84281
26275
3628
2744
6772
4430
64859
8436
23671
56171
9262

9330
91526
23451
3329
51614
26010
151246
9689
60491
8837
65072
58538
8324
51602
659
130026
8828
1933
22868
8609
1385

3417
4133
1373
471
2335
7520
57574
6168
3485
3488
7145
14
375307
6556
7429
9125
7475
7277
80086
5798
10290
29926
55515
79586
130612
130367
10056
2181
23704
7857
130340
65080
5270
57624
3667
79853
3267
6364
164781
55022
11262
6672
5707
3357
4691
389084
3635
6295
8527
54600
54658
55355
10123
23677
64284

55502
8864

4705
150677
2817
547
5510
100126791

8553
29995
5021
9901
25917
8536
132014
55831
2177
6396
6538
132001
7079
7476
80852
51244
26061
23243
117248
151651
151648
79750
152024
5915
54995
152110
100873979
7048
51143
1233
2720
10777
10217
30
11280
64651
4336
253639
1499
885


23016
64866
25907
6599
1294
7384
646450
3615
3913
2876
79012
7869
11186
7873
9136
211
11344
7134
64943
26354
7086
201625
378
106144528
2317
5162
8309
5793
9861
56999
8801
7110
9039
10550
56203
23150
4286
101927152
27086
151987
401074

6091
253559
389136
3355
10402
131566
105374003
11259
56954
10342
25890
54931
64332
214
961
57650
9666
677779

25945
10225
79413
257068
90102

151887
131450

55779
152185
54847
100874030
2596
7348
8702
11167
3081
285282
2804
6565
1475
4638
7372
57493
84561
10840
11343
8607
2624
101927167
57501
8971
23129
23023
131034
2047
5096

22808
56945
9276
5947
131890
5352

116441
4071
100874091
7104
100128025
389161
101928022
53836
13
401093
5912

8833
25976
57018
152078

4291
56925
5918
10051
286827
80117
590
79740
5274
27333
151827

26996
6498
200916
57552
1894
102724550
64393
86
57129
151613
6657
100874019
54800
1173
5708
100874079
2049
90407
200879
10644
51726
3827
1974
5984
6480
4026
8626
55214
101929152
9076

3280
131583

347

200931
4241
4636
285498

10460
3954
79441
10608
4043
55646
27065
4487
54360


6286
80273
60312
94031
9948
116449
9957
152742
132864
952
9982
51056
64151
1665
23231
5099
80008
152831
6133
7358
201895
399
54502
7345
22998
285429
152573
100506827
132299
339977
132671
81608
6731
3490



10720
7364
57050
174
166824
3576
2919
5196
5473
6374
2921
2920
2069
374
25849

152816
8999
55153
901
306
3184
9987
79966
51316
84803
100874023
83478
51170
53343
6696
9429
285513

6622
401145
10611
658
10098
1977
128
27071
115265
5530
90024
64116
56898
1062

27068
9255
9061
3426
345193
1950
132720
51574
79642
64579
9348

9871
54532

4085
308
100192379
5393
890
2247
22824
10424


101669763
79960
57575

23657
80155

4258
1047
3600
8821
646576
64399
152485

166614


285533
5356
2244
2243
2266
9227
56034
2891
51313
5481
56884
6307
1363
11199
23022
54969
51809
3148
3248
7424
55247

731424
27295
8470
2195
205860
6389
10723
100506791
79888
153571
84246
22948
134147
83853


651746
404663
7204
54491
90441
10409

643401
1004
51663
4883

26064
55299
3575
2533
1601
345557
6414

389289
3157
100652772
10884
133418
53918
3673
10468


10769
115827

25859
55789
10283
11174
140890
375449
891
1022
102157402
4131
134285
2297

84135
8507
3074
3156
10788
2151
2150
8622
8546
10184
256987
5924
7518
1462
902
84059
57561

441094
7025
134187
84250
2745
202299
22936
831
55781
7903
64097
114915

7905
3781
644100
51397
25816
3295
6643
501
51808
4001
6558
2201
100127206
23305
8974
3659
10111
11127

3308
7416
6500
5515

79770
9555
9547
7045
6695
10902
10112
995
51308
1958
3313
1495
64374
340061
51523
1839
3550
3035
56143
29930
80762
81848
23092
2908
81555
51520
1809
6690
404203
153218
154
79628
22885
728264
5145
1836
340075
972
3340
11346
55696
2878
10318
309
6678
55568
9421
6444
9443
26999
8728
348938
54974
7265
2172

10569
9232
900
3161

101927862
5917
6586

54908
1794
3779
4869
285588
54492
1843

153222
8614
101928176
3274
10814
202134

2264
83463
10636
2161
340037
9260
54732
653316
80108
2916
80230
3187
11282
8878
9945

153579
10399
3662
106144586
2295
2296
154386
1992
5272
7280
347733
221749
10799

1832
154007
7020

2651
347744
55003
1906
54438

221687
84062
221662
10486

3400
6659
401237
51473
353219
51567
55856
51053
9750
55604
10786
3006
8364
8334
3008
3017
3017

8367
3007
8365
493812
8970
85235
8341
3009
3105
11074
3133
28973
170954
203068
8870
780
170679

3107
3106
100507436
4050
7917
1460
1192
3303
3304
50854
4758
80736
102060414
80864
4855
5696
5698

3109
3108
3111
6222
9277
3833
3159
221491
25803
4736
2289
51513
11329
6428
1026
266727
23500
5225
705
896
65989
9533
9587
7422
3326
4794
988
59084
27242
221393
135398
2729

653
81578
667
221336
51557
7803
346007

79627
22999
1915
26503
55754
27145
4646
7272
55603
7162
4199
112609

4907
10492
10957
58528

29078
51805
639
84816

100133941

84154

4082
3066
221294
29940
7259
285761
222553
25842

2697
57515
5570
134829
7164

23493
135112
84870
55862
93663
100507203
2037
1490
8875
6206
285735
6446

113115
9053
3459


7128
64065
57224

345930
10370

2519
9749
84946
729178
340152
85313
5110

84918

135250
353091
81706
389434
9590
23345

7432
26271
154043
7430
83861
39
6580

6581
5071
9444
90632
1235

80069
5689
5154
7975
392617
101927125
8379
80727
84433
60
7965
54753
3382
221981
54664
10124

27075
10551
221830

340273
3569
29896
1687
9603
29887
100506311
3200
3202
8887
9586
222171
2617
5137
11328
27241
168667
989
80820

54443
79783
3624
5683
9263
644
255031
54606
222068
9238
3484
3486
64759
101929086
401335
168507
256979

1956
908
5260
2990
51085
155382
6804
171022
1365
1364
155368
10344
5447
4191
113878
105375355

2770
948
10512
9723
10371
11257
10926
6717
26872
261729
1021
54809
7980
2791

8910
23089

5446
5445

51666
5166
1750
440
25798
10095
100289187
10980
4176
352954
29990
64599
43
4584
10071

5054
7425
136227
222229
10234
58160
9512
5701
60561
6856
10135

5172
1738
4897
4189

54674
9732
3475
26136
858
857
830
1080
29923

7328

51530
51200
317751
114960

378805
5420
91584

231
57016
441282

64764
6718
28996
6916
27147
285962
6742
8972
2051
135932

7791
9601

168544
653857
3638
10049
283981
1438
293
8227
9189
100359394
8908
415
26609
425054
55841
3052
51284
7114

8544
57393
55787
5931
6322
5160
30011
256714
22866
10549
23597
6303
1968
7543
170302
190
6990
94122
8406
7102
10159
8573

84679
8237
7076
10682
27344
11040
27238
6855
2543
8712
9500
64061
23096
3028
10916
90737
28986
81887
60401
367
3476
24137
6191
645996
6567
51260
5230
79366
139324
340562
56062
286499
1478
27035
2717
3188
100131755
51309
11013
56271
90843
84707
85012
9643
644353
80712
79710
9075
139212
1831
1288
1287
2182
5063
170261

292
65109
7737
55026
3920
28985
29071
57187
51114
10813
9131
9363
3251
84848

56180
644538
441518
8933
644596
2273

2258
286411
728695
64663
51438
3423
3149



2564
55879
4102
158511
4111
4105
50814
7739
29944
6535
10134
3421
3897
393
2316
6134

9130
55558
2539
30848
1736
7411
9639
285
1672
157285
9258
79660
83595

2222

1508
10395
5157
57509
2267

5108
23362
526
80346
649
55124

23221
8795
8793
4017
6781
4741
4747
80005
54793
157313
665
10687
1191
51435
157570
55872
286133
1846
3084
137970
80139
11160
80223
1978
137994
2260
389649
59339
56892


6422
286
7419
138050
1052
6591
29088
114786
96764
100505477
6386

767


8836
286186
23212
4603
10987
23471
51110
9242
8989
7013
6129
157506
100128126
55824

2171
103352670
85444
760
8895

734
1666
793

2669
94241
51001
4147
286151
25897
83988
50484
107986898
7071

25879

3646
9694
84955
27012
114788
7227
8667
5885

4856
28998
3037
79139
84985
29028
114907
312
6713
286053
10221
157638
100750225
727677
4609
3786
10397
6482

11156
575
23237
8000
54742
66004
8581
4062
389692
79792
1936
286077

22827
340371
83481
23246
203054
23189
1761
9933
169792
3641
2731
5789
101929407
286343
11168
100129385
10670
123
4300
401494

63951
286319
80173
79817
23586
3301
2683
51510
360
5646
375704
1271
7415
80256
84904
768
7169
152007
79269
219
572558
728577
138255
256691
23137
80036
23670
100507540
101927258
216
301
140803
158471
29968
7091
158158
3190
60560
1612
1514

1903
1164
10912
101927873

158314
55035
4814
56033

8789
1515

54187
7464
55357
9568
7046
23071
347273
570
56254
10592
19
9314
8727
23732
7295
79987
1902
158399
22949
7357
9991
169834

259
85301
9966
5069
23245
55755
1955
7185
727
2934
2040
10783
5695
3309
399665
3934
26995
6418
56262
22845
389792

51450
9536

256158
445
84929
9442
6130
11182
1757
1289
2219
10439

26086
23203
138311
7186
401562
9022
89958
389816
286262
375791
10383
5719
10581
10410
338440

6050
100506211
64787
6888
51286
57104
283229
4586
727897

1509
90019
3481
430
975
10984
1028
5003
5002
7262
833
6240
3046

112464
3611
79608
4004
23075
133
100463486
100129827
58486
729013
27122
9645
55742
100506305
644943
84280
1315
5682
4925
10083
113174
6289
6288
3939
7251
89797
258010
627
81930
744
341019
26610

10480
79056
283267
966
4005
25841
847
26298
960
24147
51144
387763
3732
90139
9537
57586
4192
9793

1643
5702
4722
5795
349667
10978
219541
51075
374393
63901
22917
54972
220001
390205
745
2237
9415
3992
3995
2495
3619

79026
6094
221091
5436
10482
54663
6520
5920
11145
10963
7423

50801
25858
10235
5837
10938
105369343
7108
823
10435
283131

378938
4054
23625
10524
1072
8061
83638
254187
10992
254263
256472
10072
9973
10432
254439
91683
29984
23529
57175
57010
9049
2950
51083
595
2017
1717

55298
2352
5031
374407
7351
51400
283208
283209
9789
11309
6188
283212
81544
871
2615
25987
192134

282679
79053
27314
84233
54843
8726
11098
23682
1075
26973
79101
154810
143686
85016
330
4316
6588
38
1662
5962
143903
1410
3606

4837
10179
23705
6876
9159
486

23187
7379
51399
3014
79849
79102
7070

23650
6309
3312
79827
57476
53340
4900
90952

54538
9638
1111

219844

28960
84623


2113
100507392
334
23560
3422
5214
1316
100216001
1646
1645
8644
10276

2665

5209

100507127
57713
80760
509
2625
207107
11164
8872
57118
10133
55691
83641
51182
6251
7431
102723166
783
399726
387640
64215
23412
56952
54518
25805
6840
57608
1326
6935
3799

3688


56288
8325

91074
101929520
221002
6387
11067
7570
653145

22943
101928687
11130
80114
220965
983
84159

56521
26091
84665
3189
8034
9188
26128
5552
9559
80201
3098
1305
84883
56681
5464
64106
728978
55315
5660
9469
51008
54541
317662
310
5328
7414
132
128854680
84858
83938
3778
6229
283050
105419997
84332
81619


27069
11155
657
6623
643161
9060
100144748
118932
57559
59
355
3988

3433
3437
3434
9585
27063
5507
3832
3087
1592
26509
55165
5950
118924
64318
9124
26287
60370
83742
6425
2805
51076
1244
6319
25956
57715
83401
4791
9118
9644
79991
9748
9446
119391
85450
159686
120

1847
9126
282997
27250
2674
143379
259217
196047
2834
340719
8661
2263
5654
9184
51363
56647
118611
5791
4288
10539
256536
10570
170394

54777
50632
503542

81029
2288
57103
10566
4704
928
7132
9918
2597
83461
7167
10436
10162
716
715
6515

9976
4973
120939
23710
3822
80824
1027
9052
2012
2904
55729
420
397
2059
4257
3375
79912
80763
3945
3845
8082
55726
51768
56938
8496
60488
5744

51290
100287314
58516
254013

121512
51067
5318
144402
1272
196527
54407


347902
91523

55652
7421
387856
255411
112
784
27289
10376
7846
84790
79962
65244
7009
144233
23017

29127
51474
57228
9498
3164
144501
3855
3892
3887
3889
3849
3851
196374
3856
3875
3489
8435

8086
3229


3178
25946
3678
3071
196410
967
29095
5036
4637
6773
319
27165
506
10728
4666
5557
4035
6472
22864

4141
1649
10540
10956
92979
10102



283349
2799
8091
51643
4193
1368
11052
10576
27345

5801
7103
29953
11010
11103
22822
4673
1466
89795
6857
4659
55117
84125

8092
9182
4922
4254
1848
490
338758
4060
694

8411
8835
55967
55785
59277
4048
2004
7112
5250
121457
64431
9971
283431
400
55332
79023
429
7184
7296

50515
121053
387882
9891
5992
121551
11137
4598
84915
28981
488
10094
51184
51699
144717
217
6128
4938
53373
10993
113675
6926
8739
54997
4842
51347
26353
387890
11113
5829
5319
8655
84274
6927
8638
5027
144404
54509
338799
3242
22877
6249
55596

65117
27198
8099
387893
80212

7316
65985

5901

8408
79050
2802

100289635
55269

10284
221154
542767
2835
2321
3146
241
100507064
10808
8900
11340
10186
2308
10240
11193
28984

79024
8848
26747
7178
23091
100509894
2098
8803
9445
10161
83852

26586
10910
27253
5101
79866
688
4008

10253
84189
10082
11166
100507533
10257
9071
100289274
5611
10150
7546

8660

1282
1284
55795
348013
650669
100506394
8881

85495
10038
7011
328
283
11198
63874
5018
9056
26020
10419
84962
5693
25983
10202
5106
5720

5721
10379
29091
4857
55632
25938

84837
112399
11177
6729
4792
3169
8487
2287
55320
161357
5427
9147
283551
51062
5836
283553
122786
145438
5706
652
1033
3958
9787
645687
55195
55860
5684
5926
387990
51339
23002
51635
5583
3091
100750247
6617
23224
4522
9495
3306
26030
2877
376267
2530
1965
26499
161145
384
677
87
400224
64093
10001
58517
91748

5826
10577
4053
5228
8892
10972
2353
731223
122953
64207

10598
22938
1734
85439
23768

283587
55812
5700
9252
5641
78990
83982
79789
56967
624
7443
388011
51466
123099
8788
55384
79104
64150
1778
3320
5891
7127
1152
145216
374569

283638
113146

3714
90135

1397
1396
7681
4692
2562
2558
2567


101059918
89839

51621
9824
6447
26585
56851
89978
7057
701
388115
644844
85455
90417
57082
2644
171177
54567
79094
11261
11339
51203
55142
2923
4236
567
9153

84419

58472

2200
11001
84888
29106
123169
56204
9236
161582
55329
9133
9245
302

83660

7168
114294
51065
83464
771
5479
9325
348093
80119
123264
57722
51495
8766
54962
6124
22801
10391
8125
54852
9493
104472713
7090
55075
79875
5315
56965
3073

64220

1543
100128285
26263
145957
123591
23205
55466
80349
5685
11173
10933
1512
597
2184

58489
57214
23184
8120
4828
4916
26589
64782
3669
176
145864
4240
51458
290
3418
10509
390637
51335
5045
2242
9055
56963
283682
7026
23336

220

6627
3049
55692
10573
79006
84264
30812

254528

64711
6123
10607
9143
9351
5310
25837
100507303
899
10942
124220
9074
51330
79228
9235

100463285
10131
79585
29965
4682
8651
8303

26156
55313
100129781
8399
89927
54820

6210
23204
51760
79838
51704
400508
7385

6340
5347
50615
26471
6817
7284
23475
3835

9961
26470
226
83719
79153


146540
93129
80270
6810

29108
493829
283933
7041

79801
10294
81831
85407
27324



79191
4313
1066
4504
4502
4489
4490
4494
4501
9688
9709
6376
57019
5432
55715
9289
29105
65009


100505865

51192
1783

6236
8824
283848
51673
9114

146206
50855
81577
55512
79613
3038
84916
51388
80777
1728
16
146433
794

23035
5713
79152
3735
54386
100130958
4094
124359
8139
80790
29948
54550
83716

404550

2303
100506581
81631
8140

84627
161882
1535
4597
197187
863
1013
29123




359845
51031
55178
64359
7531
124935
83547
727910
84981
443
162514

124936

124976
5694

2027
55065
4927
708
22861
23746
54478
432
147040
57659
8742
1973
968
7157
55135
146754
23135
59344
84667
54785
9212
22899
6154
643904
9423
146845
9340

56985
93649

5376

136
7314
388341
23164
100874529
8533
51655
146691

51168
6470

147166
146802
218
440416
256302
26118
3965
201229
7448
10615
124923
284086
9618
84081
642
9527
79915
55813

5717
6347
162394
91607
6352
79893

3975
26574
57636
4302
5691
54883
342667
22806
5709
9572
990
7153
3487
84951

83896
83895
3885

3866
3880
3872
10209
2520
9001
3728
47
6777
6774
284119
100190938
10197
3430
10493
4077
100130581
379

5697
10014
6521
2896
2535
80174
10052
146909
10882
113026
10614

9020
201176
4137
388394
996
80279
51226
8631
105371807
3212
100874362
404266
3215
3216
3217
3218
3219
10481
10241
2695
4804
8405
3675

6442
162461
64132
8913
8714

10140
9043
51096
23531
8526


54894
101927688

55771
388403

51651
51174
8493
103689912
388407
9902

26115
10238
80774
57003
5705
974
3384
2081
105376843
1655
64750


8787
201134
350
27092
5718
26207
25926
3838

9120
55062
5608
3773
400617
3759
6662
400619
6752
55890
10871
326624
2232
124590
30850
10476
79902
3993
80022
100130933
29115
3691
3021
91107
201292
51
6730
114804
283991
8877
114757
23210
146664
57690
11322
7083
125061
332
9021
7077
3959
114897
146713

9775
79092

4884

10458
71
83882
5148
5833
2194
284001
9123



10966
284207
9097
9984
27098
7298
10403
9663
8736
10627
103910

100505592

23136
79822
400643
100287082
23255
11031
101927350
57132
342850

84617

753
91768
8780
4864
147463
26256
59340
1000
1830
1829
7276
252884
125476
2589


8170
6563
498
9388

8932
5874
80323

9352

115701
3998
147372
5366

2531

8710
5271
92126
147381
84735

4155
374868



57761
10616
83541
55321
100507495
55968

3420
5020
60493
65992
994
54498
728228
146
9770
5111
149837
56261
1114
51605
650
5332
57144
6616
182
51575
23767
6629
58495
10483
54453
51126
22803
140828
3170
7056
1472
1469
1470
92086
57136
400841
28954
81502
3397
598
22974
2307
140688
284805
22919
92747
51654
1869

191
84557
128869
58476
2937
10544
101410538
10893
3692
128876
8200
8904

10398
140710
140699
6185

56259
128434
7052
81610
9935
7150
64900
10110
84969
51526
3172
106144538
8839
5266
6590
6385
10406
116092
11065
7125
5476
958
23613
55959
55661
57169
441951
3745
9334
6615
1051
140876
8813
3755
10079
128553
8537
1591
116151
6790
1477
7022
8480
56937
105416157
1002
11047
101928158
4923
1299
128414
100192386
1917

50861
198437
682
27006

10272
57418

1265

2872
4616
80032
126295
51343
85300
1613
1938
170961
440503
116844
10501
126282
10226
23030
5802
56931
2528

92359
970
8740
718
9322
10045
7409
2015
3643
100507588
404217
256949
51129
100507567
51257
4670
84106
56342
3383
1032
10053
3949
374882
1995
1725
439
3726
7001
10535
83546
2193
811

9592
773

342979
646457
976
10212
5731
3337
9524

4854
26993
4051
8529
57834
10365
125972

284434
27151

199786
23025
3640
27106
10437
5864
5143
3727
54858
9518
51477
25789
1311
11316
9454

56242
199777
284443
113835
163223
7644
104472717


10775
79156
898
390916
85415

5184
64377

84306
126374
6324
5349
53827
51599
933
93099
374897
79171
100862728
58510
333
100506930

388536
23094
10653
94274
9424
5714
27335
81
147968

1891
126432
126433

7538
9149
5704
339327
148014
29950

645
53916
29785
558
4680
63946
6223
973
10567
478
5452
1954
84518
100996307
634
5672
5678
653583
23474
7515
126298
5329
3783
125931
602
4059
5819
348
341
1209
5971
162979
79090
90332
2354
6253
147699
729440
444882
388555
147920


374918
64344
147906
23211
27113
27202
56917
11133

30846
8605
163071
100505812
2014
23546
10945
83743
114783
6820
770
126147
2524
51171
23645
581
10856
4909
6625
2323
23521
51070
3276
126129
60385
259307
22809
126123
342918
90353
945
2109
5518
400713
7576
79788
342926
91662
91663
59284
59283
59285
284415
26121
79165
6203
57348
114823
148170
90011
11027
10859
7138
7137
352909

23640
3589
6158
27338
10597
730051
65982
1
6193
6192

7544
83259
64595
8653
9086

529
26220
7353
8318
10587

5902
400891
7332
29799
23532
648691
101978785
653689
56241

4330
7494
4744
3976
9514
6525
140606
54944
4733
9814
23761
51493
7078
3162
4174
4151
80830
4627
8664
114904
3957
3956
3005


23764
11015
646851

23466
200315
27350
5155
6122
468
23112
158
6767
2547

638
25813

85352
100506737
25814
7477
51512


415116

23654

1525
10950
5651
54148
351

9510
10694
106478962
59271
56683
3588

2618
6651
100506334
3753
861
873
874

6493
3763
84677
2114
100874093
5121
100506492
284835
7113
7032
7031


5152
8566

29947

100861510
104
388830
80781
1291
84221
4047
54058

107075310




